customer_id
1
51
122
142
155
160
162
168
174
187
189
227
232
241
245
361
366
388
424
441
471
477
502
515
529
547
573
581
592
609
628
640
641
642
649
651
654
665
666
671
681
684
720
729
753
764
771
773
774
781
783
784
799
824
825
829
833
850
854
868
886
889
899
900
904
905
916
919
946
953
975
1006
1033
1037
1059
1065
1069
1072
1073
1078
1088
1096
1098
1106
1110
1113
1114
1116
1117
1120
1126
1127
1133
1139
1143
1150
1151
1164
1165
1168
1170
1171
1173
1177
1187
1188
1191
1194
1197
1198
1199
1202
1211
1216
1218
1219
1231
1245
1249
1257
1265
1303
1306
1321
1323
1333
1340
1352
1430
1449
1470
1477
1482
1490
1509
1512
1520
1523
1541
1559
1584
1590
1606
1618
1620
1626
1643
1647
1652
1660
1669
1682
1683
1693
1694
1698
1727
1752
1760
1771
1773
1782
1801
1806
1812
1818
1830
1833
1834
1841
1862
1864
1865
1869
1873
1878
1879
1880
1882
1883
1884
1885
1893
1897
1898
1906
1907
1908
1912
1914
1918
1926
1933
1950
1998
2017
2027
2030
2041
2047
2059
2063
2091
2093
2098
2101
2113
2136
2138
2140
2168
2176
2180
2188
2189
2224
2276
2278
2288
2313
2316
2334
2336
2399
2412
2413
2414
2417
2427
2451
2498
2500
2511
2522
2530
2568
2602
2633
2644
2673
2676
2677
2682
2699
2711
2722
2725
2761
2803
2828
2833
2835
2845
2910
2911
2916
2936
2971
2974
2975
2977
2978
2979
3000
3013
3017
3020
3034
3059
3102
3115
3126
3177
3178
3180
3181
3182
3183
3213
3217
3623
3625
3651
3656
3661
3685
3686
3687
3693
3695
3696
3699
3702
3728
3731
3737
3766
3767
3771
3774
3777
3799
3809
3819
3823
3825
3838
3849
3853
3872
3901
3909
3911
3925
3927
3937
3955
3963
4006
4020
4170
4175
4176
4181
4184
4201
4203
4205
4209
4211
4223
4228
4229
4233
4234
4238
4240
4249
4255
4256
4265
4266
4268
4270
4276
4302
4305
4316
4321
4325
4331
4339
4340
4350
4374
4382
4407
4433
4524
4525
4526
4565
4581
4589
4590
4594
4596
4605
4606
4608
4609
4613
4615
4616
4617
4618
4619
4621
4622
4625
4626
4628
4629
4633
4637
4638
4640
4643
4645
4647
4653
4654
4655
4656
4657
4662
4663
4664
4669
4675
4678
4683
4684
4691
4692
4694
4701
4715
4726
4742
4746
4750
4774
4775
4776
4778
4779
4783
4785
4786
4790
4794
4800
4803
4805
4809
4814
4817
4822
4824
4826
4830
4838
4844
4846
4851
4854
4855
4856
4857
4859
4860
4862
4864
4870
4874
4875
4878
4885
4888
4889
4890
4892
4897
4899
4900
4902
4908
4910
4926
4932
4934
4954
4958
4965
4967
4968
4969
4970
4971
4975
4984
5004
5009
5011
5012
5013
5015
5016
5027
5028
5030
5052
5064
5065
5066
5077
5089
5091
5108
5145
5156
5163
5167
5184
5191
5196
5197
5199
5204
5205
5206
5232
5240
5241
5242
5245
5246
5247
5248
5250
5256
5258
5262
5268
5273
5289
5294
5295
5296
5297
5303
5321
5347
5350
5376
5399
5408
5412
5417
5430
5432
5438
5439
5440
5441
5443
5453
5456
5461
5462
5463
5468
5469
5478
5483
5499
5515
5516
5528
5533
5537
5540
5560
5561
5562
5565
5570
5575
5582
5604
5607
5608
5612
5618
5626
5649
5650
5671
5696
5705
5706
5723
5731
5733
5734
5764
5778
5780
5781
5783
5820
5830
5831
5850
5872
5913
5924
5949
5952
5971
5990
5993
5994
6004
6008
6033
6037
6038
6067
6068
6070
6071
6075
6117
6126
6128
6137
6144
6156
6168
6186
6195
6207
6213
6231
6233
6234
6239
6254
6260
6275
6277
6279
6281
6293
6299
6301
6310
6333
6334
6341
6348
6351
6352
6353
6366
6407
6414
6417
6422
6433
6434
6458
6474
6475
6476
6479
6483
6485
6500
6502
6503
6506
6508
6511
6512
6516
6517
6523
6526
6527
6528
6530
6534
6537
6540
6543
6545
6547
6548
6551
6554
6558
6562
6566
6573
6574
6589
6606
6607
6634
6638
6639
6640
6646
6662
6678
6687
6688
6694
6713
6721
6737
6741
6745
6749
6762
6775
6779
6799
6801
6806
6911
6914
6917
6925
6928
6934
6936
6937
6938
6946
6950
6959
6960
6961
6962
6966
6968
6969
6981
6983
6985
6990
6994
7009
7015
7016
7017
7020
7036
7050
7052
7061
7102
7171
7172
7173
7175
7179
7182
7186
7190
7193
7194
7195
7196
7203
7211
7221
7223
7233
7235
7244
7252
7258
7273
7296
7315
7318
7319
7325
7327
7336
7338
7341
7344
7355
7359
7361
7362
7365
7378
7379
7384
7393
7396
7404
7409
7417
7432
7437
7442
7449
7458
7462
7467
7469
7470
7478
7479
7482
7492
7493
7504
7505
7512
7522
7525
7529
7552
7554
7571
7574
7576
7577
7579
7597
7598
7609
7610
7645
7648
7649
7657
7664
7677
7679
7685
7726
7728
7733
7763
7766
7775
7777
7797
7798
7799
7815
7826
7827
7855
7868
7877
7880
7888
7896
7903
7905
7925
7927
7932
7935
7936
7939
7940
7943
7946
7953
7958
7968
7979
7986
7989
7991
7997
8027
8039
8041
8056
8063
8083
8088
8089
8100
8116
8136
8142
8147
8150
8152
8153
8154
8158
8159
8178
8185
8186
8187
8199
8225
8238
8249
8253
8254
8258
8274
8283
8308
8309
8314
8333
8336
8357
8360
8361
8362
8364
8366
8369
8371
8373
8375
8378
8379
8381
8383
8384
8391
8401
8404
8406
8409
8410
8411
8422
8427
8428
8431
8432
8435
8436
8437
8453
8454
8456
8474
8486
8490
8508
8521
8523
8533
8534
8535
8548
8552
8570
8575
8578
8579
8581
8591
8600
8601
8602
8620
8624
8625
8628
8635
8660
8669
8679
8681
8691
8699
8707
8710
8731
8737
8741
8742
8746
8747
8749
8754
8758
8760
8764
8780
8781
8782
8786
8789
8801
8809
8810
8811
8812
8843
8849
8850
8855
8857
8859
8870
8898
8913
8914
8919
8921
8925
8929
8930
8935
8937
8949
8974
8976
8979
8980
8985
8986
8987
8988
8989
8990
8994
9003
9005
9011
9014
9015
9017
9025
9030
9035
9052
9053
9054
9055
9061
9062
9065
9066
9069
9070
9072
9097
9105
9114
9117
9138
9141
9151
9169
9171
9172
9179
9183
9185
9203
9210
9212
9214
9216
9221
9231
9232
9240
9243
9256
9261
9267
9284
9290
9304
9322
9330
9335
9337
9359
9361
9376
9380
9409
9442
9446
9448
9450
9451
9458
9461
9465
9467
9472
9484
9486
9491
9508
9511
9514
9515
9524
9526
9530
9535
9539
9544
9546
9550
9559
9568
9576
9578
9593
9603
9615
9618
9628
9638
9643
9653
9655
9656
9658
9660
9662
9663
9664
9666
9679
9697
9698
9702
9703
9710
9711
9714
9715
9717
9726
9727
9746
9754
9760
9766
9769
9778
9800
9804
9809
9811
9815
9820
9825
9830
9835
9846
9847
9850
9856
9857
9859
9880
9884
9888
9892
9897
9898
9919
9941
9963
10025
10027
10028
10106
10111
10114
10128
10129
10134
10137
10148
10155
10170
10181
10190
10191
10204
10216
10217
10218
10221
10223
10225
10243
10246
10251
10267
10269
10285
10310
10312
10314
10315
10317
10323
10325
10327
10329
10331
10332
10333
10339
10340
10341
10343
10344
10345
10351
10352
10353
10354
10355
10356
10358
10359
10361
10363
10366
10367
10369
10370
10371
10374
10375
10376
10377
10380
10381
10382
10383
10384
10385
10392
10394
10396
10397
10398
10399
10400
10403
10404
10406
10407
10408
10409
10411
10414
10418
10422
10423
10431
10433
10435
10436
10437
10439
10441
10444
10445
10447
10448
10451
10460
10480
10486
10499
10500
10508
10509
10525
10528
10542
10543
10544
10546
10548
10561
10568
10576
10582
10587
10613
10614
10622
10627
10628
10629
10645
10654
10655
10656
10658
10661
10662
10664
10670
10672
10674
10683
10692
10696
10703
10707
10714
10735
10739
10740
10744
10747
10756
10760
10763
10768
10769
10784
10802
10804
10809
10818
10827
10864
10865
10868
10869
10871
10872
10875
10880
10881
10885
10886
10896
10899
10901
10903
10907
10910
10913
10917
10921
10929
10932
10940
10943
10944
10961
10967
10981
10982
10985
10991
10992
10995
10997
11001
11005
11006
11007
11008
11011
11015
11024
11027
11029
11030
11033
11034
11038
11039
11040
11042
11046
11047
11048
11061
11075
11082
11083
11088
11090
11091
11096
11097
11099
11101
11120
11132
11156
11157
11165
11171
11207
11209
11214
11224
11225
11228
11235
11236
11241
11244
11258
11265
11270
11276
11278
11279
11289
11290
11293
11298
11303
11308
11310
11313
11314
11320
11322
11323
11327
11330
11337
11351
11352
11354
11364
11372
11380
11389
11393
11409
11422
11428
11430
11432
11434
11435
11436
11447
11457
11484
11485
11491
11497
11505
11510
11513
11517
11527
11540
11541
11542
11549
11569
11585
11588
11589
11590
11591
11596
11598
11599
11600
11601
11602
11606
11609
11610
11611
11613
11615
11618
11620
11622
11625
11626
11627
11630
11631
11632
11633
11634
11636
11637
11638
11639
11640
11643
11649
11650
11651
11652
11655
11656
11657
11661
11664
11665
11666
11668
11669
11671
11733
11735
11737
11747
11756
11787
11798
11811
11814
11818
11820
11834
11846
11848
11853
11870
11871
11873
11891
11892
11895
11903
11907
11928
11930
11934
11939
11943
11953
11955
11958
11968
11972
11974
11975
11977
11978
11984
11992
11993
12003
12012
12013
12030
12050
12053
12055
12060
12061
12078
12094
12098
12102
12103
12104
12108
12113
12114
12115
12116
12117
12118
12126
12135
12136
12142
12143
12152
12154
12167
12172
12188
12192
12205
12210
12211
12221
12229
12232
12233
12245
12247
12251
12253
12259
12275
12284
12287
12293
12295
12303
12312
12315
12318
12319
12324
12348
12351
12361
12371
12372
12449
12452
12453
12459
12493
12497
12499
12500
12517
12520
12544
12545
12548
12555
12564
12572
12595
12597
12598
12599
12602
12603
12618
12619
12632
12633
12635
12638
12639
12653
12658
12659
12661
12663
12665
12666
12681
12684
12703
12723
12726
12770
12772
12819
12820
12821
12837
12848
12849
12861
12863
12867
12876
12911
12915
12930
12931
12932
12937
12941
12942
12944
12949
12951
12958
12960
12961
12963
12964
12975
12976
12988
12991
12992
13002
13004
13018
13037
13039
13046
13048
13066
13068
13071
13080
13081
13085
13086
13091
13094
13106
13111
13117
13120
13123
13125
13127
13128
13131
13138
13139
13140
13141
13144
13157
13165
13166
13167
13173
13177
13178
13196
13220
13221
13223
13229
13231
13234
13271
13277
13280
13304
13324
13325
13333
13337
13348
13349
13356
13392
13396
13398
13405
13420
13421
13422
13425
13426
13427
13437
13453
13461
13463
13464
13467
13468
13477
13489
13490
13494
13520
13523
13537
13543
13551
13556
13558
13559
13562
13565
13568
13569
13574
13577
13578
13579
13589
13600
13607
13613
13615
13622
13629
13636
13639
13643
13653
13655
13656
13662
13663
13671
13675
13682
13690
13691
13712
13725
13728
13729
13733
13750
13751
13752
13755
13756
13757
13777
13779
13784
13800
13803
13807
13808
13840
13842
13844
13857
13864
13871
13875
13878
13883
13885
13897
13903
13916
13926
13930
13938
13940
13944
13947
13972
13974
13982
13987
13990
13995
13999
14004
14005
14009
14017
14019
14020
14027
14075
14077
14080
14095
14130
14141
14142
14143
14146
14220
14232
14233
14249
14261
14279
14280
14283
14284
14286
14288
14289
14300
14301
14343
14348
14349
14350
14353
14357
14364
14365
14368
14372
14374
14376
14377
14378
14379
14391
14427
14428
14437
14459
14461
14463
14466
14485
14492
14501
14508
14513
14518
14522
14523
14527
14528
14536
14537
14539
14540
14541
14543
14548
14549
14551
14552
14557
14559
14562
14564
14565
14566
14568
14569
14571
14572
14573
14575
14578
14579
14582
14583
14584
14587
14588
14589
14591
14592
14593
14596
14597
14602
14604
14616
14626
14630
14655
14662
14665
14677
14700
14739
14746
14759
14760
14761
14779
14783
14784
14801
14812
14813
14814
14817
14818
14819
14820
14821
14825
14856
14859
14860
14865
14867
14872
14875
14885
14886
14890
14898
14899
14901
14903
14904
14906
14918
14920
14921
14922
14926
14930
14934
14939
14955
14963
14978
14979
14981
14982
14983
14984
14997
15002
15006
15023
15030
15033
15038
15041
15048
15049
15074
15078
15081
15109
15112
15121
15128
15138
15140
15154
15159
15179
15190
15198
15202
15217
15218
15229
15231
15233
15234
15235
15236
15249
15251
15254
15267
15273
15274
15275
15276
15281
15283
15284
15286
15299
15302
15307
15311
15314
15319
15334
15338
15352
15361
15364
15365
15366
15372
15386
15391
15397
15407
15409
15412
15413
15421
15424
15430
15438
15439
15440
15445
15449
15451
15452
15453
15454
15457
15458
15462
15468
15475
15480
15482
15489
15490
15494
15497
15502
15503
15506
15508
15510
15518
15522
15525
15537
15554
15555
15562
15568
15574
15587
15588
15614
15616
15626
15628
15656
15665
15668
15673
15675
15683
15685
15687
15691
15704
15719
15721
15723
15726
15751
15757
15762
15765
15766
15769
15776
15783
15784
15794
15798
15812
15818
15822
15823
15832
15834
15865
15877
15882
15884
15888
15890
15900
15905
15911
15919
15933
15963
15968
15976
15987
16048
16055
16083
16084
16085
16086
16089
16090
16099
16100
16105
16113
16114
16116
16124
16126
16127
16128
16141
16148
16149
16154
16160
16170
16179
16211
16215
16220
16223
16224
16228
16232
16235
16246
16250
16271
16274
16278
16279
16285
16286
16287
16288
16301
16350
16351
16354
16358
16361
16384
16388
16393
16397
16399
16409
16412
16420
16421
16435
16446
16448
16449
16451
16452
16453
16460
16465
16475
16477
16524
16526
16536
16538
16540
16550
16551
16558
16560
16561
16563
16565
16572
16578
16591
16593
16600
16604
16612
16613
16616
16617
16620
16626
16627
16642
16643
16646
16647
16691
16697
16736
16750
16751
16753
16756
16764
16780
16788
16794
16798
16808
16820
16821
16830
16837
16838
16840
16846
16847
16849
16851
16854
16860
16861
16862
16867
16876
16877
16878
16885
16886
16890
16891
16895
16897
16898
16900
16904
16906
16920
16921
16930
16933
16934
16935
16936
16939
16940
16951
16958
16959
16960
16968
16969
16972
16973
16974
16975
16979
16985
16986
16987
16989
16991
16996
16997
16999
17006
17007
17017
17030
17031
17063
17071
17073
17085
17091
17094
17096
17098
17106
17108
17111
17120
17132
17150
17156
17160
17173
17175
17186
17188
17191
17209
17210
17211
17212
17214
17215
17216
17217
17218
17238
17239
17299
17304
17307
17324
17331
17334
17345
17353
17354
17359
17361
17362
17366
17367
17368
17369
17396
17409
17431
17438
17477
17481
17490
17492
17493
17506
17511
17522
17546
17550
17552
17562
17581
17584
17585
17594
17600
17601
17602
17611
17615
17618
17619
17621
17622
17623
17624
17626
17629
17650
17665
17673
17676
17679
17693
17697
17705
17712
17716
17740
17750
17768
17775
17776
17778
17779
17780
17792
17797
17812
17814
17816
17818
17820
17838
17875
17892
17893
17896
17936
17938
17941
17943
17961
17965
17969
17973
17976
17977
17981
17984
17994
17998
18013
18015
18061
18067
18073
18075
18077
18081
18082
18084
18093
18094
18097
18098
18102
18109
18122
18126
18127
18129
18131
18132
18133
18136
18139
18140
18145
18148
18150
18152
18154
18156
18161
18163
18165
18176
18182
18196
18214
18226
18229
18237
18240
18241
18242
18250
18251
18252
18272
18281
18283
18284
18289
18291
18302
18307
18311
18313
18314
18315
18316
18319
18320
18323
18325
18326
18327
18328
18330
18332
18333
18334
18335
18337
18339
18340
18341
18342
18344
18345
18347
18350
18354
18355
18356
18357
18359
18361
18363
18364
18366
18367
18368
18371
18372
18373
18375
18377
18378
18379
18380
18381
18382
18384
18387
18389
18390
18392
18394
18395
18396
18397
18398
18401
18403
18411
18412
18416
18419
18423
18429
18435
18438
18439
18441
18443
18444
18445
18447
18448
18450
18451
18453
18455
18456
18457
18458
18463
18466
18472
18476
18477
18479
18480
18481
18483
18484
18485
18486
18489
18490
18492
18495
18496
18501
18511
18528
18530
18533
18534
18535
18539
18543
18544
18545
18550
18551
18552
18554
18556
18558
18588
18589
18593
18599
18602
18604
18606
18607
18616
18619
18621
18625
18626
18628
18630
18631
18636
18638
18639
18640
18641
18642
18643
18644
18645
18646
18659
18660
18662
18663
18664
18680
18682
18684
18688
18691
18693
18695
18696
18697
18698
18700
18702
18708
18715
18719
18720
18722
18723
18724
18725
18727
18728
18730
18731
18736
18740
18742
18744
18745
18746
18747
18752
18753
18755
18756
18758
18759
18760
18780
18783
18784
18785
18787
18789
18790
18792
18793
18794
18796
18797
18799
18802
18803
18806
18807
18812
18814
18815
18817
18821
18823
18826
18827
18830
18831
18832
18834
18835
18841
18842
18843
18844
18846
18848
18850
18851
18854
18855
18856
18858
18859
18860
18868
18869
18874
18879
18880
18883
18885
18886
18887
18888
18889
18890
18891
18893
18894
18895
18897
18902
18903
18904
18907
18908
18909
18911
18912
18916
18918
18919
18920
18921
18929
18931
18932
18933
18937
18938
18939
18940
18941
18945
18947
18950
18953
18954
18957
18958
18959
18961
18967
18968
18969
18971
18972
18975
18976
18979
18982
18985
18989
18991
18993
18996
18997
19004
19014
19022
19023
19024
19025
19026
19027
19028
19032
19033
19034
19035
19036
19037
19038
19040
19041
19043
19044
19047
19048
19052
19056
19058
19060
19061
19063
19064
19065
19066
19067
19068
19070
19072
19073
19074
19079
19085
19086
19088
19091
19094
19096
19098
19099
19101
19103
19105
19106
19108
19109
19111
19112
19113
19115
19116
19117
19118
19120
19121
19126
19127
19129
19132
19133
19134
19135
19137
19140
19141
19142
19143
19144
19145
19152
19153
19155
19156
19159
19161
19162
19169
19170
19171
19173
19174
19175
19177
19178
19179
19180
19181
19183
19185
19186
19187
19188
19190
19192
19193
19196
19199
19200
19201
19203
19204
19205
19206
19209
19211
19217
19221
19223
19224
19226
19228
19229
19231
19232
19233
19234
19236
19237
19239
19240
19244
19246
19248
19249
19250
19251
19254
19255
19261
19263
19264
19266
19267
19269
19272
19273
19274
19275
19276
19279
19280
19282
19283
19287
19288
19291
19292
19293
19295
19298
19301
19302
19304
19306
19308
19309
19311
19313
19314
19315
19316
19321
19323
19326
19328
19329
19330
19331
19333
19335
19337
19340
19341
19342
19343
19346
19347
19348
19350
19352
19356
19357
19360
19362
19370
19374
19375
19376
19377
19380
19382
19383
19385
19387
19388
19389
19390
19391
19392
19394
19395
19411
19419
19422
19429
19431
19432
19433
19436
19439
19443
19447
19450
19456
19464
19468
19488
19489
19490
19499
19507
19514
19524
19525
19528
19529
19531
19535
19548
19549
19550
19551
19552
19553
19559
19568
19575
19578
19579
19582
19583
19584
19590
19600
19604
19607
19608
19618
19628
19630
19631
19632
19633
19634
19638
19639
19641
19654
19656
19657
19658
19659
19660
19661
19662
19663
19664
19665
19666
19667
19669
19670
19671
19672
19673
19676
19677
19679
19680
19681
19687
19690
19692
19695
19699
19700
19702
19703
19704
19706
19707
19709
19713
19715
19716
19717
19721
19730
19731
19738
19740
19742
19747
19756
19757
19758
19760
19761
19763
19766
19768
19769
19770
19771
19773
19775
19778
19779
19780
19781
19785
19788
19789
19791
19793
19796
19797
19798
19799
19802
19805
19810
19816
19819
19820
19833
19838
19859
19866
19872
19874
19875
19876
19906
19907
19915
19927
19934
19941
19942
19946
19960
19969
19972
19974
19980
19988
19989
19992
19998
20006
20008
20010
20013
20019
20021
20022
20027
20033
20034
20035
20042
20044
20045
20052
20055
20059
20062
20067
20070
20073
20074
20077
20080
20082
20093
20095
20100
20118
20130
20136
20147
20155
20186
20187
20189
20190
20191
20203
20205
20208
20209
20212
20213
20243
20245
20254
20280
20295
20307
20319
20320
20324
20327
20328
20329
20331
20337
20354
20372
20375
20388
20403
20413
20414
20422
20428
20436
20444
20446
20453
20455
20456
20461
20476
20508
20512
20513
20514
20524
20526
20535
20540
20544
20545
20546
20582
20585
20586
20588
20589
20596
20597
20607
20620
20622
20623
20624
20625
20626
20627
20628
20629
20631
20632
20633
20634
20635
20636
20637
20638
20639
20640
20642
20643
20645
20646
20647
20648
20649
20650
20651
20652
20654
20655
20656
20659
20660
20661
20662
20663
20664
20665
20674
20691
20742
20763
20773
20785
20789
20791
20796
20801
20827
20841
20844
20851
20857
20858
20860
20868
20887
20891
20894
20897
20901
20902
20913
20928
20933
20952
20959
20970
20977
20992
21006
21007
21011
21016
21021
21037
21038
21054
21055
21059
21064
21077
21080
21089
21092
21117
21125
21126
21130
21137
21153
21154
21157
21163
21174
21175
21188
21191
21203
21206
21215
21223
21226
21228
21238
21256
21260
21266
21273
21275
21279
21281
21287
21298
21306
21312
21323
21325
21326
21334
21337
21347
21348
21354
21355
21360
21365
21367
21368
21371
21374
21378
21385
21389
21395
21399
21402
21417
21424
21428
21430
21438
21443
21445
21448
21452
21455
21457
21459
21475
21480
21499
21500
21502
21505
21506
21507
21508
21515
21520
21525
21527
21528
21540
21566
21600
21626
21641
21651
21654
21691
21704
21705
21707
21721
21723
21724
21731
21738
21755
21763
21770
21795
21800
21801
21826
21828
21834
21841
21842
21889
21891
21892
21893
21894
21897
21898
21915
21918
21923
21936
21943
21946
21948
21949
21953
21957
21958
21994
21996
21998
22013
22038
22052
22061
22066
22067
22070
22083
22085
22086
22087
22089
22091
22092
22095
22102
22113
22114
22115
22116
22123
22127
22132
22136
22137
22138
22139
22140
22142
22144
22148
22150
22151
22154
22170
22174
22176
22178
22184
22189
22195
22202
22205
22214
22216
22228
22237
22273
22279
22280
22287
22295
22296
22297
22302
22304
22308
22323
22328
22334
22337
22341
22344
22346
22348
22364
22382
22390
22394
22395
22399
22402
22409
22419
22427
22431
22438
22439
22443
22445
22446
22447
22448
22449
22450
22451
22452
22453
22454
22459
22462
22464
22466
22482
22484
22485
22486
22488
22490
22504
22510
22515
22516
22525
22526
22527
22528
22529
22530
22542
22544
22546
22547
22549
22550
22551
22553
22558
22559
22561
22563
22565
22566
22575
22576
22600
22612
22614
22615
22616
22617
22618
22619
22621
22622
22624
22625
22627
22628
22631
22632
22633
22634
22635
22641
22648
22652
22655
22659
22668
22671
22685
22690
22692
22696
22698
22702
22717
22733
22735
22738
22746
22758
22760
22761
22762
22764
22768
22772
22773
22776
22777
22778
22806
22807
22810
22813
22819
22825
22827
22830
22833
22837
22844
22845
22847
22856
22858
22859
22868
22874
22877
22885
22887
22893
22894
22899
22900
22905
22917
22922
22924
22939
22943
22946
22947
22949
22954
22956
22961
22963
22965
22970
22975
22977
22982
22993
22996
22998
23009
23020
23024
23025
23026
23028
23034
23044
23049
23051
23054
23064
23066
23067
23069
23075
23076
23085
23086
23094
23101
23102
23105
23117
23130
23135
23147
23149
23153
23154
23156
23157
23183
23184
23185
23186
23188
23189
23193
23195
23201
23203
23206
23209
23216
23224
23227
23229
23235
23236
23251
23259
23263
23270
23271
23273
23274
23282
23295
23299
23319
23325
23329
23349
23373
23387
23389
23395
23403
23404
23411
23412
23420
23426
23428
23432
23436
23451
23453
23461
23462
23464
23465
23480
23482
23484
23487
23502
23506
23512
23516
23522
23523
23526
23530
23531
23532
23540
23542
23546
23547
23550
23553
23558
23560
23561
23562
23563
23584
23585
23586
23592
23593
23598
23599
23617
23626
23627
23654
23660
23665
23668
23669
23670
23673
23705
23715
23722
23726
23729
23735
23737
23738
23743
23748
23749
23750
23751
23753
23754
23756
23757
23758
23759
23761
23765
23767
23769
23771
23772
23773
23776
23777
23784
23787
23799
23800
23814
23816
23817
23819
23822
23823
23837
23838
23849
23860
23870
23872
23889
23891
23893
23899
23906
23916
23919
23920
23925
23930
23932
23947
23948
23949
23951
23952
23954
23955
23956
23957
23958
23959
23960
23963
23965
23968
23991
23992
23994
23999
24001
24002
24006
24009
24013
24018
24019
24025
24026
24028
24036
24065
24066
24068
24070
24072
24080
24082
24083
24099
24100
24113
24119
24121
24123
24124
24140
24153
24159
24160
24163
24166
24171
24172
24173
24177
24181
24188
24197
24207
24211
24254
24256
24260
24262
24274
24285
24288
24289
24302
24316
24317
24337
24343
24346
24348
24360
24417
24418
24427
24428
24431
24432
24433
24466
24474
24475
24477
24478
24479
24486
24492
24495
24503
24527
24548
24569
24576
24581
24583
24586
24595
24599
24602
24603
24604
24605
24607
24609
24627
24632
24634
24639
24650
24660
24670
24681
24684
24685
24686
24691
24692
24699
24714
24715
24722
24723
24728
24744
24750
24752
24753
24763
24771
24773
24776
24787
24789
24790
24795
24796
24800
24801
24810
24815
24819
24828
24839
24877
24878
24897
24898
24900
24901
24904
24907
24911
24915
24916
24917
24918
24919
24920
24923
24926
24939
24942
24964
24971
24972
25000
25009
25010
25013
25014
25022
25023
25034
25051
25054
25061
25062
25081
25082
25090
25092
25096
25097
25098
25113
25114
25115
25116
25128
25137
25138
25152
25157
25179
25191
25192
25194
25198
25199
25215
25218
25228
25246
25265
25275
25277
25285
25297
25300
25303
25305
25307
25310
25314
25319
25328
25331
25332
25338
25339
25340
25341
25343
25354
25366
25370
25377
25388
25394
25395
25396
25397
25399
25402
25405
25406
25407
25408
25409
25413
25417
25423
25425
25426
25427
25428
25432
25435
25437
25438
25447
25460
25477
25486
25488
25506
25512
25513
25521
25522
25524
25525
25526
25527
25528
25529
25531
25533
25543
25544
25550
25551
25568
25572
25580
25581
25591
25593
25606
25607
25610
25614
25616
25620
25628
25629
25639
25657
25659
25671
25680
25681
25683
25684
25691
25692
25693
25694
25696
25698
25704
25705
25708
25709
25711
25713
25718
25719
25722
25733
25734
25737
25738
25750
25754
25757
25780
25785
25792
25794
25797
25806
25807
25826
25827
25828
25831
25839
25840
25841
25844
25852
25853
25855
25856
25857
25861
25866
25867
25868
25874
25876
25891
25895
25897
25903
25904
25907
25910
25912
25928
25945
25947
25948
25950
25952
25970
25974
25982
25984
25988
25990
25994
26006
26007
26013
26034
26038
26040
26047
26049
26050
26051
26087
26099
26100
26109
26110
26116
26117
26118
26119
26120
26122
26125
26127
26128
26134
26145
26146
26147
26148
26149
26154
26155
26156
26161
26169
26182
26184
26187
26191
26198
26222
26229
26231
26241
26243
26250
26257
26258
26262
26279
26287
26308
26316
26322
26326
26331
26332
26344
26346
26358
26371
26381
26383
26384
26388
26391
26394
26397
26398
26403
26410
26411
26412
26414
26417
26421
26422
26424
26427
26429
26440
26441
26442
26447
26456
26459
26461
26463
26465
26467
26470
26471
26475
26476
26487
26493
26498
26499
26501
26503
26510
26511
26512
26519
26520
26521
26522
26527
26528
26532
26536
26539
26540
26542
26544
26549
26555
26572
26574
26579
26584
26590
26597
26605
26610
26619
26624
26631
26632
26634
26636
26637
26645
26647
26650
26656
26659
26664
26671
26674
26685
26689
26692
26696
26702
26703
26706
26716
26717
26720
26723
26731
26735
26737
26748
26749
26752
26755
26757
26762
26765
26768
26769
26775
26778
26786
26789
26793
26794
26795
26797
26798
26802
26804
26808
26809
26812
26814
26815
26817
26828
26832
26836
26842
26849
26856
26864
26866
26868
26878
26886
26893
26894
26895
26897
26898
26899
26900
26901
26902
26904
26905
26908
26909
26914
26920
26926
26929
26930
26931
26932
26934
26935
26937
26940
26941
26944
26947
26949
26956
26957
26959
26963
26969
26980
26981
26982
26989
26991
26993
26994
26998
27001
27002
27009
27011
27012
27023
27024
27025
27026
27027
27034
27038
27046
27052
27058
27061
27062
27064
27070
27078
27092
27095
27096
27098
27100
27103
27111
27113
27114
27127
27137
27141
27142
27151
27161
27171
27172
27181
27185
27193
27194
27196
27197
27199
27202
27209
27211
27265
27266
27275
27286
27288
27290
27304
27307
27308
27309
27311
27316
27317
27320
27328
27331
27342
27352
27358
27363
27364
27365
27367
27372
27378
27381
27386
27402
27406
27411
27415
27417
27418
27421
27436
27443
27444
27447
27448
27449
27450
27451
27452
27454
27463
27464
27472
27473
27482
27484
27487
27494
27513
27514
27515
27517
27518
27527
27528
27531
27532
27534
27540
27543
27548
27550
27551
27564
27582
27583
27586
27587
27593
27595
27601
27617
27619
27625
27626
27629
27631
27634
27638
27643
27657
27664
27670
27671
27676
27693
27703
27705
27707
27711
27712
27716
27746
27747
27748
27752
27755
27756
27761
27762
27763
27766
27767
27777
27806
27807
27808
27813
27824
27826
27832
27835
27839
27842
27846
27857
27858
27859
27863
27881
27883
27884
27895
27920
27921
27927
27930
27931
27937
27941
27942
27943
27945
27947
27949
27956
27958
27959
27960
27961
27964
27966
27967
27968
27969
27970
27973
27982
27988
27995
27996
27997
28016
28017
28024
28026
28027
28032
28036
28037
28039
28041
28042
28043
28046
28047
28051
28057
28061
28065
28066
28067
28068
28071
28073
28076
28080
28083
28084
28085
28086
28091
28093
28094
28096
28098
28100
28101
28103
28105
28111
28113
28114
28117
28124
28126
28127
28130
28131
28132
28134
28139
28144
28146
28147
28149
28150
28152
28153
28155
28156
28160
28164
28168
28177
28179
28181
28184
28189
28190
28211
28216
28221
28222
28224
28237
28238
28249
28250
28253
28254
28255
28257
28259
28262
28265
28267
28268
28273
28275
28279
28280
28289
28291
28294
28299
28301
28302
28303
28304
28305
28307
28315
28325
28327
28328
28330
28342
28344
28346
28354
28361
28362
28363
28369
28371
28372
28374
28375
28376
28378
28381
28393
28400
28425
28429
28435
28438
28439
28440
28444
28447
28459
28462
28471
28472
28474
28476
28477
28478
28479
28480
28485
28489
28495
28496
28510
28517
28527
28535
28537
28544
28546
28549
28550
28552
28567
28570
28576
28578
28579
28580
28581
28583
28591
28594
28595
28596
28597
28600
28603
28605
28608
28610
28614
28615
28616
28620
28621
28622
28623
28629
28630
28632
28634
28635
28641
28646
28647
28649
28654
28655
28662
28664
28665
28666
28669
28672
28679
28681
28684
28688
28689
28691
28692
28698
28699
28700
28702
28705
28706
28707
28709
28710
28711
28713
28714
28717
28721
28722
28723
28724
28727
28728
28730
28731
28733
28738
28744
28751
28755
28756
28758
28768
28776
28781
28782
28784
28789
28790
28791
28813
28816
28817
28818
28819
28820
28821
28822
28823
28824
28826
28828
28831
28833
28834
28835
28836
28838
28840
28841
28842
28843
28845
28848
28852
28853
28855
28856
28858
28862
28866
28879
28880
28896
28903
28911
28916
28918
28920
28927
28929
28945
28947
28949
28950
28951
28952
28954
28955
28957
28960
28962
28964
28966
28970
28972
28973
28974
28976
28979
28981
28982
28986
28988
28995
28997
29021
29025
29031
29038
29039
29041
29043
29044
29046
29047
29048
29049
29051
29053
29054
29057
29058
29070
29073
29075
29078
29079
29080
29081
29082
29083
29084
29085
29092
29098
29099
29102
29110
29112
29113
29114
29115
29116
29119
29122
29127
29129
29137
29140
29155
29167
29171
29177
29178
29182
29186
29187
29188
29198
29199
29204
29205
29207
29212
29215
29217
29218
29221
29229
29230
29233
29253
29257
29260
29261
29266
29267
29273
29276
29279
29285
29286
29287
29290
29291
29298
29309
29310
29312
29320
29322
29326
29328
29329
29333
29335
29336
29337
29338
29339
29340
29341
29342
29343
29344
29345
29348
29351
29355
29364
29367
29368
29371
29372
29374
29378
29380
29382
29384
29385
29386
29390
29392
29396
29397
29398
29409
29412
29413
29427
29428
29430
29436
29440
29443
29445
29450
29454
29455
29456
29457
29459
29460
29463
29464
29467
29470
29471
29474
29475
29477
29481
29484
29486
29487
29490
29491
29492
29493
29498
29500
29502
29503
29504
29505
29506
29507
29510
29511
29520
29521
29523
29524
29535
29538
29539
29544
29547
29568
29572
29576
29579
29581
29583
29585
29586
29588
29590
29597
29600
29604
29612
29619
29644
29645
29646
29647
29650
29655
29660
29664
29669
29670
29672
29673
29675
29677
29679
29680
29681
29682
29683
29685
29687
29688
29689
29690
29692
29695
29697
29699
29702
29703
29707
29710
29711
29712
29713
29716
29717
29718
29719
29721
29722
29723
29724
29727
29736
29738
29739
29740
29741
29744
29745
29758
29759
29760
29762
29763
29765
29767
29769
29773
29775
29776
29777
29778
29781
29782
29784
29785
29787
29789
29790
29791
29795
29797
29801
29803
29804
29805
29808
29809
29810
29811
29814
29816
29820
29824
29827
29830
29831
29833
29835
29836
29837
29840
29842
29843
29844
29845
29846
29848
29851
29852
29854
29855
29857
29858
29859
29860
29861
29862
29863
29864
29865
29868
29869
29870
29871
29872
29875
29881
29883
29885
29887
29893
29895
29901
29902
29907
29911
29920
29921
29923
29925
29930
29932
29933
29934
29936
29938
29940
29941
29942
29943
29944
29945
29946
29947
29948
29950
29953
29954
29956
29957
29959
29960
29962
29964
29965
29966
29967
29968
29971
29973
29974
29978
29985
29992
29995
29997
29998
30000
30001
30002
30003
30007
30010
30011
30012
30013
30020
30022
30025
30028
30034
30036
30037
30039
30040
30041
30045
30048
30050
30053
30055
30058
30063
30066
30068
30071
30073
30074
30078
30081
30084
30088
30089
30090
30092
30094
30095
30097
30098
30100
30102
30103
30104
30105
30107
30109
30110
30111
30112
30113
30115
30117
30118
30119
30121
30122
30123
30131
30135
30137
30141
30143
30152
30161
30165
30166
30167
30169
30170
30175
30176
30177
30180
30181
30182
30183
30185
30186
30187
30188
30191
30194
30196
30197
30199
30201
30202
30206
30210
30211
30212
30214
30215
30218
30221
30222
30223
30228
30229
30232
30234
30238
30242
30244
30248
30249
30250
30253
30254
30255
30256
30257
30258
30260
30262
30264
30265
30266
30267
30268
30272
30276
30279
30280
30281
30282
30283
30285
30286
30288
30289
30290
30295
30296
30297
30298
30299
30300
30301
30305
30309
30310
30318
30323
30326
30328
30329
30333
30334
30337
30339
30341
30344
30345
30346
30348
30351
30355
30360
30364
30366
30367
30369
30373
30376
30377
30378
30379
30383
30384
30395
30396
30405
30415
30416
30417
30421
30422
30424
30427
30428
30430
30431
30434
30435
30436
30439
30444
30445
30446
30453
30455
30456
30458
30459
30461
30462
30463
30464
30466
30471
30478
30480
30495
30496
30497
30499
30500
30501
30502
30506
30507
30508
30509
30512
30515
30519
30520
30521
30523
30526
30527
30528
30531
30533
30544
30546
30549
30550
30551
30552
30553
30555
30556
30557
30559
30567
30569
30571
30587
30588
30591
30593
30620
30629
30635
30638
30641
30646
30649
30651
30652
30653
30677
30685
30691
30696
30699
30700
30701
30704
30705
30712
30716
30723
30730
30731
30734
30759
30763
30769
30776
30777
30778
30780
30781
30783
30789
30794
30799
30889
30892
30925
30929
30934
30935
30939
30947
30966
30968
30970
30973
30974
30975
30976
30977
30978
30979
30980
30981
30982
30984
30985
30987
30990
30993
30996
30997
30998
30999
31000
31001
31008
31011
31012
31017
31020
31062
31063
31065
31066
31067
31072
31074
31075
31078
31079
31082
31139
31154
31157
31159
31164
31168
31169
31175
31177
31179
31180
31181
31182
31183
31184
31185
31186
31187
31188
31189
31195
31207
31209
31210
31213
31217
31225
31234
31235
31237
31238
31239
31240
31243
31244
31245
31246
31247
31251
31252
31254
31255
31272
31273
31280
31281
31285
31286
31287
31291
31299
31302
31306
31309
31310
31311
31313
31314
31319
31320
31321
31350
31353
31355
31357
31359
31363
31367
31369
31373
31374
31377
31383
31384
31387
31389
31390
31391
31393
31394
31395
31396
31399
31400
31408
31411
31412
31416
31418
31419
31423
31427
31428
31431
31434
31437
31440
31441
31442
31443
31447
31450
31454
31457
31458
31478
31482
31484
31489
31495
31499
31519
31527
31528
31529
31530
31532
31533
31534
31535
31536
31537
31538
31539
31542
31543
31545
31555
31556
31566
31594
31597
31600
31601
31602
31603
31604
31606
31607
31608
31610
31612
31613
31615
31616
31617
31618
31619
31620
31621
31622
31636
31642
31645
31659
31660
31664
31665
31675
31676
31677
31678
31680
31682
31686
31692
31695
31696
31697
31700
31701
31702
31703
31704
31706
31707
31708
31709
31710
31712
31721
31723
31724
31725
31726
31727
31730
31731
31732
31734
31738
31745
31746
31758
31759
31760
31761
31768
31781
31784
31792
31793
31795
31796
31802
31804
31809
31813
31820
31821
31823
31825
31826
31829
31830
31831
31832
31833
31834
31845
31846
31847
31849
31851
31852
31854
31866
31874
31876
31880
31890
31899
31901
31908
31910
31919
31927
31929
31940
31964
31969
31971
31972
31973
31978
31979
31981
31982
31984
31985
31986
31987
31989
31990
32000
32001
32003
32005
32006
32009
32010
32011
32012
32017
32022
32024
32025
32026
32027
32029
32030
32031
32032
32033
32036
32039
32040
32041
32045
32046
32048
32049
32052
32053
32054
32055
32056
32058
32059
32066
32070
32092
32098
32105
32106
32110
32111
32112
32113
32114
32115
32116
32121
32122
32125
32127
32133
32134
32135
32136
32137
32138
32144
32145
32147
32148
32152
32155
32161
32164
32165
32166
32167
32170
32173
32174
32176
32177
32179
32180
32181
32183
32185
32188
32189
32190
32192
32194
32196
32200
32207
32208
32209
32210
32211
32213
32219
32221
32222
32223
32224
32226
32228
32230
32231
32233
32234
32235
32236
32237
32238
32239
32241
32242
32243
32244
32245
32246
32247
32248
32250
32251
32252
32253
32267
32269
32271
32272
32279
32280
32327
32329
32333
32334
32337
32342
32345
32346
32366
32367
32371
32373
32375
32378
32380
32381
32384
32385
32386
32388
32389
32409
32413
32422
32435
32437
32440
32443
32444
32460
32462
32464
32465
32466
32468
32469
32470
32482
32487
32488
32493
32495
32498
32519
32522
32525
32527
32528
32531
32533
32534
32542
32543
32546
32547
32549
32550
32572
32573
32576
32577
32578
32579
32580
32582
32585
32586
32589
32590
32591
32592
32593
32594
32597
32599
32600
32601
32602
32603
32604
32605
32606
32607
32615
32616
32617
32618
32620
32623
32624
32625
32626
32628
32630
32635
32647
32653
32654
32656
32657
32664
32668
32673
32674
32675
32676
32677
32678
32680
32683
32685
32686
32690
32693
32694
32695
32696
32698
32699
32701
32704
32707
32708
32709
32710
32711
32712
32713
32714
32715
32716
32717
32720
32722
32723
32725
32727
32728
32729
32733
32734
32735
32742
32751
32753
32756
32758
32767
32768
32769
32770
32772
32773
32775
32776
32778
32779
32781
32782
32783
32784
32785
32786
32789
32790
32791
32792
32794
32795
32801
32802
32803
32804
32811
32815
32823
32825
32827
32836
32844
32845
32847
32855
32862
32865
32867
32868
32869
32870
32880
32887
32888
32893
32894
32898
32901
32914
32917
32918
32919
32922
32923
32924
32928
32932
32934
32935
32936
32937
32941
32946
32947
32948
32949
32950
32951
32955
32956
32957
32963
32964
32965
32966
32968
32969
32970
32972
32974
32976
32980
32981
32982
32983
33002
33003
33006
33010
33018
33019
33020
33021
33022
33025
33033
33040
33047
33049
33054
33055
33056
33059
33066
33067
33072
33073
33074
33075
33076
33078
33079
33081
33082
33089
33092
33093
33098
33102
33105
33107
33108
33109
33110
33111
33112
33114
33117
33121
33122
33123
33125
33126
33130
33131
33133
33134
33136
33137
33138
33143
33149
33150
33151
33152
33156
33158
33159
33161
33162
33163
33164
33165
33172
33173
33179
33182
33185
33192
33194
33195
33196
33197
33198
33207
33213
33214
33219
33220
33222
33224
33227
33228
33230
33231
33234
33235
33236
33237
33239
33240
33242
33243
33245
33246
33247
33254
33256
33258
33266
33269
33276
33277
33289
33298
33300
33305
33308
33323
33327
33329
33334
33336
33337
33357
33361
33362
33369
33374
33375
33377
33378
33385
33389
33390
33391
33392
33405
33406
33410
33417
33418
33422
33426
33427
33428
33431
33432
33436
33437
33438
33440
33441
33442
33444
33446
33448
33450
33451
33452
33453
33455
33456
33457
33459
33460
33461
33462
33463
33464
33465
33466
33468
33469
33470
33474
33475
33476
33478
33479
33481
33482
33487
33488
33489
33490
33493
33494
33495
33496
33502
33504
33505
33507
33508
33509
33510
33511
33512
33513
33514
33515
33516
33517
33518
33520
33522
33523
33524
33525
33526
33527
33528
33529
33532
33533
33535
33537
33539
33540
33545
33546
33547
33548
33549
33551
33552
33553
33554
33555
33557
33562
33563
33566
33568
33571
33572
33573
33574
33580
33583
33584
33586
33588
33589
33594
33598
33601
33606
33610
33611
33612
33615
33624
33626
33628
33634
33640
33648
33663
33667
33668
33671
33673
33674
33682
33686
33687
33688
33689
33690
33691
33692
33693
33694
33695
33696
33697
33698
33699
33700
33701
33705
33706
33707
33708
33709
33711
33712
33713
33715
33716
33719
33720
33721
33723
33724
33728
33731
33733
33734
33735
33736
33737
33738
33741
33747
33748
33749
33750
33753
33754
33757
33758
33759
33760
33761
33763
33765
33766
33767
33768
33769
33770
33771
33774
33775
33776
33777
33779
33780
33786
33790
33794
33796
33804
33814
33819
33838
33839
33859
33894
33897
33901
33902
33905
33909
33916
33955
33959
33961
33963
33966
33967
33972
33976
33978
33979
33980
33989
33992
33993
33994
33996
34000
34004
34005
34006
34008
34019
34020
34028
34035
34038
34043
34046
34048
34053
34054
34057
34059
34062
34070
34071
34087
34093
34094
34112
34115
34123
34126
34128
34130
34131
34132
34141
34155
34156
34161
34164
34170
34174
34179
34182
34191
34196
34197
34205
34206
34209
34224
34226
34234
34236
34237
34239
34241
34243
34250
34251
34252
34254
34255
34256
34257
34259
34261
34269
34274
34275
34280
34297
34299
34300
34304
34306
34309
34318
34329
34331
34332
34335
34342
34351
34376
34377
34379
34389
34396
34402
34403
34404
34406
34407
34419
34425
34432
34434
34436
34444
34445
34453
34458
34466
34469
34471
34482
34486
34490
34499
34501
34505
34511
34512
34518
34520
34523
34527
34529
34534
34536
34546
34562
34575
34597
34604
34607
34618
34622
34647
34680
34684
34695
34712
34717
34721
34740
34743
34744
34760
34765
34768
34769
34770
34773
34774
34779
34780
34781
34804
34813
34851
34853
34854
34859
34862
34863
34864
34868
34882
34886
34924
34925
34927
34929
34936
34940
34941
34944
34945
34947
34949
34951
34952
34953
34955
34956
34960
34964
34966
34967
34977
34978
34979
34982
34989
34990
34991
34994
34998
35004
35011
35018
35020
35021
35022
35025
35027
35028
35029
35030
35034
35035
35040
35041
35043
35045
35051
35056
35061
35063
35075
35076
35077
35079
35080
35081
35084
35086
35097
35098
35099
35107
35108
35125
35135
35138
35141
35142
35157
35158
35160
35161
35162
35163
35164
35181
35182
35186
35188
35194
35200
35204
35207
35213
35214
35215
35216
35217
35219
35220
35221
35229
35230
35237
35239
35245
35246
35248
35256
35257
35258
35260
35261
35265
35276
35277
35278
35280
35281
35284
35295
35296
35297
35298
35303
35305
35307
35311
35313
35314
35315
35339
35340
35344
35345
35346
35348
35349
35350
35351
35352
35355
35356
35357
35358
35359
35360
35365
35369
35370
35374
35375
35383
35385
35392
35397
35399
35400
35401
35402
35403
35404
35405
35406
35408
35409
35410
35424
35433
35436
35442
35443
35455
35457
35462
35469
35471
35472
35486
35488
35494
35496
35498
35505
35516
35520
35528
35531
35532
35536
35538
35544
35545
35546
35549
35553
35558
35562
35570
35571
35574
35580
35582
35587
35590
35591
35593
35594
35596
35597
35598
35599
35600
35603
35604
35607
35609
35610
35618
35635
35639
35645
35663
35664
35666
35669
35670
35679
35686
35696
35698
35701
35708
35721
35727
35729
35731
35732
35733
35736
35746
35756
35763
35767
35771
35781
35791
35792
35796
35806
35809
35810
35816
35819
35820
35829
35839
35841
35846
35848
35849
35854
35857
35859
35861
35864
35868
35870
35872
35873
35876
35878
35883
35884
35890
35894
35901
35904
35905
35923
35924
35925
35926
35931
35932
35953
35961
35963
35968
35974
35979
35980
35984
35990
35992
35998
36001
36002
36009
36016
36019
36021
36022
36023
36024
36026
36061
36066
36079
36084
36089
36095
36097
36101
36104
36105
36114
36116
36117
36146
36148
36155
36161
36163
36165
36167
36173
36186
36188
36193
36199
36203
36207
36209
36210
36211
36212
36213
36219
36222
36225
36229
36232
36235
36237
36238
36240
36244
36249
36279
36281
36283
36287
36293
36294
36295
36297
36301
36302
36316
36319
36322
36323
36324
36326
36332
36346
36350
36351
36352
36353
36356
36358
36364
36370
36373
36375
36377
36381
36387
36395
36402
36405
36409
36410
36411
36414
36415
36416
36418
36436
36443
36444
36445
36446
36456
36458
36459
36460
36463
36465
36468
36469
36471
36476
36477
36483
36497
36505
36506
36507
36509
36510
36512
36513
36516
36519
36521
36522
36530
36533
36534
36535
36539
36548
36549
36554
36563
36572
36574
36576
36587
36589
36600
36604
36619
36621
36622
36623
36636
36638
36651
36652
36655
36656
36658
36661
36669
36672
36677
36680
36681
36683
36687
36688
36692
36694
36709
36711
36713
36714
36715
36717
36719
36730
36735
36740
36743
36753
36756
36766
36770
36773
36782
36783
36787
36789
36803
36805
36806
36809
36810
36811
36812
36814
36816
36826
36832
36833
36834
36837
36848
36849
36853
36855
36860
36862
36866
36875
36878
36880
36883
36890
36891
36893
36902
36913
36918
36920
36922
36926
36930
36934
36935
36936
36937
36938
36939
36946
36947
36948
36951
36956
36957
36958
36964
36966
36967
36971
36979
36991
36998
37001
37009
37010
37011
37016
37032
37033
37035
37036
37047
37049
37055
37062
37063
37070
37071
37072
37079
37088
37089
37090
37096
37097
37098
37099
37100
37101
37102
37103
37105
37106
37107
37108
37111
37112
37118
37123
37124
37125
37126
37127
37135
37139
37140
37142
37144
37146
37147
37148
37149
37152
37155
37158
37159
37161
37163
37164
37166
37173
37184
37185
37190
37191
37192
37194
37197
37199
37200
37202
37203
37216
37220
37221
37223
37224
37225
37226
37232
37233
37235
37236
37240
37243
37251
37253
37258
37259
37260
37261
37262
37265
37268
37269
37279
37287
37291
37295
37298
37302
37303
37304
37307
37309
37311
37319
37320
37324
37331
37333
37335
37340
37343
37346
37356
37357
37368
37370
37371
37372
37373
37374
37375
37376
37378
37379
37380
37385
37387
37388
37390
37392
37393
37394
37395
37397
37398
37400
37403
37407
37408
37409
37413
37415
37418
37429
37431
37439
37440
37441
37442
37445
37446
37448
37451
37452
37454
37458
37459
37460
37461
37463
37465
37473
37475
37476
37477
37480
37483
37489
37490
37494
37495
37497
37503
37511
37512
37518
37519
37520
37525
37528
37530
37536
37540
37541
37542
37543
37545
37546
37547
37550
37554
37556
37561
37563
37565
37568
37569
37570
37571
37575
37586
37589
37590
37592
37593
37598
37599
37600
37604
37610
37611
37612
37614
37615
37617
37622
37625
37629
37637
37638
37642
37648
37661
37662
37663
37664
37668
37669
37679
37680
37681
37686
37688
37693
37694
37696
37700
37701
37711
37713
37716
37719
37720
37721
37729
37732
37740
37741
37742
37744
37752
37757
37762
37765
37771
37773
37776
37778
37784
37787
37788
37790
37807
37808
37811
37813
37816
37817
37818
37819
37822
37825
37827
37833
37835
37837
37838
37839
37841
37848
37850
37859
37860
37861
37869
37876
37880
37881
37885
37886
37894
37903
37904
37906
37909
37912
37914
37930
37931
37934
37935
37937
37941
37944
37946
37948
37955
37956
37963
37966
37967
37968
37969
37971
37977
37978
37987
37989
37990
37992
37997
37999
38002
38003
38004
38009
38020
38023
38032
38033
38038
38051
38056
38057
38058
38060
38063
38064
38077
38089
38090
38096
38097
38099
38100
38103
38104
38105
38110
38111
38115
38116
38118
38128
38133
38145
38146
38148
38149
38152
38153
38154
38161
38173
38175
38182
38189
38198
38205
38209
38212
38213
38214
38215
38218
38220
38230
38236
38237
38238
38240
38242
38243
38244
38247
38251
38252
38255
38256
38260
38262
38266
38269
38277
38279
38280
38283
38292
38303
38304
38314
38315
38321
38323
38326
38335
38337
38343
38344
38348
38352
38359
38362
38363
38372
38377
38380
38391
38420
38426
38437
38441
38445
38452
38488
38490
38506
38507
38508
38509
38510
38511
38512
38520
38522
38528
38530
38532
38537
38539
38540
38545
38547
38551
38552
38555
38556
38561
38563
38564
38565
38569
38570
38571
38572
38577
38591
38604
38619
38620
38625
38626
38627
38632
38639
38640
38641
38643
38644
38650
38652
38655
38657
38658
38660
38661
38663
38665
38666
38668
38671
38673
38674
38679
38680
38684
38694
38700
38709
38710
38711
38712
38713
38714
38717
38726
38727
38738
38746
38750
38755
38765
38766
38768
38772
38777
38785
38786
38797
38802
38804
38805
38809
38813
38815
38817
38819
38820
38827
38828
38829
38831
38832
38846
38848
38849
38852
38853
38865
38866
38867
38868
38870
38871
38872
38881
38883
38895
38898
38899
38903
38910
38921
38923
38924
38929
38930
38931
38937
38941
38945
38947
38948
38949
38950
38951
38953
38960
38962
38966
38967
38968
38976
38977
38980
38986
38988
38989
38990
38991
38997
38998
39004
39017
39030
39035
39041
39042
39043
39070
39079
39084
39086
39088
39095
39106
39110
39112
39113
39115
39117
39118
39157
39158
39161
39162
39163
39165
39168
39169
39173
39175
39176
39177
39180
39182
39186
39194
39195
39202
39209
39210
39211
39212
39219
39220
39222
39227
39240
39241
39242
39243
39249
39250
39254
39258
39259
39260
39261
39269
39280
39285
39290
39296
39298
39303
39304
39307
39308
39309
39312
39313
39315
39317
39318
39319
39320
39321
39322
39323
39342
39345
39347
39349
39351
39355
39358
39364
39365
39366
39371
39376
39388
39405
39406
39416
39418
39419
39420
39421
39422
39423
39424
39426
39427
39428
39429
39431
39432
39433
39436
39439
39451
39454
39457
39458
39471
39477
39485
39493
39497
39498
39501
39502
39515
39519
39523
39533
39550
39560
39563
39572
39573
39574
39576
39602
39603
39604
39610
39614
39621
39623
39625
39626
39628
39639
39657
39658
39660
39665
39669
39670
39672
39675
39685
39716
39717
39724
39725
39727
39730
39733
39738
39745
39746
39747
39748
39750
39755
39756
39759
39760
39770
39782
39783
39784
39787
39788
39793
39795
39796
39797
39798
39801
39802
39805
39806
39807
39815
39825
39827
39829
39833
39837
39841
39842
39843
39844
39848
39851
39861
39862
39863
39868
39869
39872
39875
39881
39886
39900
39907
39908
39909
39910
39913
39914
39917
39928
39937
39940
39942
39943
39945
39947
39959
39968
39970
39974
39976
39979
39982
39987
39988
39991
39997
40009
40014
40015
40022
40024
40031
40033
40035
40044
40047
40050
40074
40085
40091
40101
40110
40113
40114
40115
40126
40127
40130
40152
40153
40157
40158
40160
40196
40197
40204
40211
40212
40223
40233
40240
40252
40253
40259
40264
40270
40271
40279
40282
40284
40285
40294
40298
40306
40307
40308
40309
40310
40315
40322
40329
40333
40335
40342
40345
40349
40350
40356
40358
40360
40361
40375
40377
40378
40384
40390
40391
40393
40394
40399
40403
40406
40409
40410
40415
40416
40417
40421
40423
40425
40433
40441
40446
40458
40462
40479
40482
40483
40488
40489
40493
40494
40505
40508
40510
40516
40520
40524
40529
40534
40537
40538
40545
40546
40547
40550
40553
40554
40555
40556
40557
40561
40563
40567
40571
40577
40579
40583
40584
40590
40591
40595
40597
40599
40602
40604
40605
40609
40610
40611
40616
40619
40624
40626
40638
40639
40647
40648
40650
40651
40653
40654
40657
40658
40659
40661
40664
40665
40670
40671
40672
40673
40675
40676
40677
40681
40682
40684
40714
40773
40775
40779
40782
40783
40788
40790
40794
40795
40796
40797
40798
40799
40813
40814
40828
40834
40840
40848
40849
40851
40852
40853
40855
40856
40858
40862
40863
40866
40868
40870
40876
40882
40893
40896
40898
40903
40904
40906
40907
40909
40922
40928
40932
40935
40937
40944
40951
40952
40954
40956
40962
40965
40967
40968
40973
40978
40979
40980
40985
40990
40998
40999
41001
41002
41007
41014
41016
41019
41022
41024
41027
41029
41032
41033
41035
41039
41046
41047
41065
41066
41070
41081
41082
41084
41088
41096
41098
41101
41104
41105
41106
41108
41112
41113
41117
41121
41128
41129
41130
41131
41133
41137
41142
41148
41152
41156
41157
41162
41165
41170
41188
41189
41190
41191
41193
41203
41205
41207
41214
41215
41221
41222
41223
41224
41228
41233
41234
41235
41237
41243
41253
41264
41274
41277
41278
41279
41280
41283
41284
41302
41305
41314
41321
41323
41324
41337
41340
41342
41343
41347
41348
41350
41352
41354
41356
41357
41358
41362
41365
41367
41377
41378
41380
41381
41391
41399
41404
41407
41408
41410
41411
41415
41416
41422
41423
41428
41429
41430
41433
41434
41443
41444
41446
41447
41448
41453
41458
41460
41463
41467
41470
41474
41480
41487
41488
41489
41490
41491
41492
41494
41496
41503
41505
41514
41519
41522
41523
41524
41525
41527
41531
41537
41538
41540
41543
41546
41548
41554
41563
41565
41568
41584
41585
41587
41590
41591
41592
41600
41601
41603
41606
41607
41609
41610
41611
41612
41613
41622
41626
41630
41631
41633
41636
41638
41639
41646
41647
41648
41650
41651
41662
41663
41665
41668
41674
41675
41676
41678
41679
41680
41681
41684
41685
41687
41689
41690
41693
41694
41695
41697
41701
41702
41706
41708
41710
41713
41720
41726
41734
41738
41746
41747
41749
41750
41753
41755
41759
41763
41764
41765
41768
41771
41774
41775
41778
41780
41783
41796
41798
41816
41817
41818
41820
41821
41822
41836
41841
41842
41853
41857
41863
41872
41876
41878
41890
41891
41893
41895
41896
41897
41903
41907
41908
41912
41913
41916
41917
41918
41920
41924
41931
41937
41938
41939
41940
41941
41950
41951
41952
41954
41957
41959
41961
41962
41968
41982
41983
41990
41994
41999
42000
42001
42003
42012
42013
42014
42021
42023
42024
42038
42055
42057
42058
42061
42063
42064
42067
42069
42070
42071
42073
42078
42080
42081
42083
42096
42099
42100
42102
42104
42108
42110
42111
42112
42113
42114
42116
42117
42119
42120
42121
42123
42124
42125
42126
42127
42131
42133
42135
42139
42142
42155
42158
42162
42163
42164
42165
42166
42167
42168
42169
42170
42171
42172
42178
42180
42184
42188
42189
42190
42193
42194
42211
42214
42215
42218
42221
42223
42224
42225
42230
42245
42253
42262
42263
42264
42266
42267
42268
42272
42290
42291
42292
42293
42295
42296
42298
42299
42301
42306
42308
42310
42312
42313
42319
42320
42330
42335
42340
42348
42349
42350
42351
42352
42354
42357
42360
42369
42370
42371
42372
42374
42377
42379
42391
42398
42399
42400
42401
42405
42416
42417
42423
42424
42425
42430
42431
42437
42439
42443
42449
42450
42456
42457
42458
42461
42462
42463
42464
42465
42475
42482
42485
42491
42493
42494
42496
42497
42504
42505
42511
42527
42528
42530
42531
42532
42534
42544
42547
42550
42551
42553
42555
42565
42568
42572
42573
42574
42575
42576
42589
42604
42606
42609
42613
42615
42622
42625
42627
42629
42649
42656
42658
42659
42660
42667
42681
42682
42683
42684
42685
42689
42691
42695
42696
42700
42702
42705
42706
42710
42713
42716
42720
42722
42723
42724
42728
42731
42732
42733
42735
42736
42746
42749
42751
42753
42754
42755
42757
42758
42759
42760
42761
42762
42764
42765
42766
42768
42769
42774
42787
42790
42791
42792
42798
42813
42814
42817
42820
42830
42835
42838
42840
42845
42846
42847
42850
42851
42852
42854
42855
42856
42857
42860
42861
42862
42868
42873
42875
42879
42880
42881
42882
42883
42884
42885
42888
42891
42892
42893
42904
42907
42913
42916
42917
42918
42920
42922
42924
42927
42931
42932
42933
42940
42942
42943
42954
42957
42958
42963
42968
42974
42975
42977
42981
42988
42992
42993
42996
43007
43010
43016
43023
43026
43028
43029
43036
43038
43043
43045
43047
43056
43065
43066
43067
43072
43080
43081
43086
43088
43089
43090
43097
43111
43112
43113
43118
43119
43120
43123
43125
43129
43131
43137
43139
43140
43145
43146
43148
43157
43158
43159
43166
43168
43169
43176
43177
43189
43190
43191
43195
43202
43229
43235
43236
43237
43241
43244
43247
43255
43279
43280
43283
43285
43287
43295
43314
43317
43325
43330
43335
43337
43340
43345
43348
43355
43368
43376
43377
43390
43401
43408
43409
43414
43439
43441
43451
43465
43467
43470
43471
43472
43473
43474
43476
43477
43479
43481
43482
43484
43485
43486
43487
43488
43489
43491
43501
43503
43504
43505
43506
43509
43510
43511
43512
43513
43515
43519
43522
43523
43530
43532
43533
43539
43549
43550
43554
43563
43570
43580
43601
43603
43604
43607
43608
43616
43617
43619
43621
43622
43623
43625
43628
43631
43632
43638
43642
43644
43646
43647
43648
43650
43656
43657
43658
43661
43664
43669
43673
43675
43679
43680
43687
43693
43699
43700
43701
43702
43706
43707
43708
43709
43712
43715
43724
43740
43741
43742
43763
43765
43770
43785
43793
43795
43796
43797
43798
43823
43827
43828
43830
43833
43835
43861
43863
43864
43867
43868
43872
43875
43881
43887
43899
43900
43902
43906
43907
43910
43911
43921
43922
43923
43924
43926
43966
43972
43975
43976
43977
43978
43982
43983
43985
43990
43991
43993
43997
43999
44000
44003
44013
44014
44015
44017
44018
44025
44026
44034
44037
44040
44044
44049
44058
44060
44084
44113
44115
44120
44125
44156
44159
44181
44184
44188
44197
44199
44203
44210
44214
44240
44246
44260
44266
44269
44279
44282
44285
44286
44291
44293
44304
44306
44325
44329
44335
44342
44344
44345
44353
44379
44391
44409
44412
44443
44454
44458
44465
44469
44471
44472
44477
44480
44482
44497
44505
44517
44518
44519
44538
44541
44542
44544
44550
44551
44557
44561
44563
44568
44571
44581
44588
44590
44600
44603
44606
44611
44615
44616
44617
44618
44628
44638
44678
44679
44680
44686
44691
44696
44717
44718
44720
44723
44730
44733
44739
44748
44749
44751
44757
44786
44787
44791
44793
44794
44810
44812
44818
44820
44824
44829
44830
44839
44842
44846
44847
44848
44854
44855
44856
44861
44863
44864
44865
44870
44871
44873
44874
44877
44879
44880
44891
44906
44907
44910
44915
44921
44929
44932
44933
44950
44956
44958
44965
44966
44967
44969
44975
44990
44991
44992
44993
45008
45009
45010
45011
45013
45015
45016
45017
45023
45025
45036
45041
45045
45046
45050
45057
45058
45059
45060
45061
45062
45070
45071
45073
45074
45078
45079
45087
45088
45090
45129
45139
45141
45143
45147
45150
45152
45153
45154
45158
45167
45170
45172
45179
45190
45196
45199
45202
45205
45209
45212
45226
45228
45230
45232
45237
45238
45241
45245
45246
45249
45250
45252
45255
45262
45264
45265
45266
45267
45269
45271
45275
45277
45284
45293
45294
45295
45296
45297
45298
45299
45302
45309
45310
45312
45314
45316
45322
45324
45325
45328
45335
45336
45337
45338
45358
45359
45360
45361
45362
45363
45370
45371
45375
45376
45380
45382
45383
45388
45392
45403
45404
45408
45409
45410
45411
45413
45415
45429
45431
45432
45433
45437
45438
45442
45444
45445
45446
45452
45476
45477
45478
45480
45490
45492
45494
45495
45499
45501
45502
45503
45515
45516
45526
45527
45529
45532
45533
45537
45542
45547
45548
45551
45552
45555
45556
45562
45563
45566
45568
45575
45577
45578
45579
45582
45591
45594
45601
45606
45607
45613
45615
45617
45619
45621
45622
45624
45627
45634
45637
45640
45642
45644
45648
45656
45661
45664
45669
45672
45675
45678
45681
45683
45701
45709
45711
45714
45715
45716
45717
45718
45719
45720
45722
45723
45724
45731
45732
45733
45735
45736
45741
45744
45745
45746
45753
45754
45755
45756
45757
45762
45763
45764
45765
45767
45768
45771
45772
45774
45775
45785
45786
45787
45789
45790
45792
45797
45799
45800
45801
45802
45805
45806
45810
45811
45813
45814
45817
45818
45819
45820
45821
45822
45824
45828
45829
45835
45842
45843
45849
45850
45854
45855
45858
45860
45865
45866
45869
45875
45876
45877
45878
45880
45891
45896
45917
45918
45919
45920
45926
45935
45938
45941
45946
45951
45968
45969
45970
45979
45980
45983
45989
45992
45993
45996
46016
46018
46027
46030
46033
46034
46035
46036
46037
46042
46049
46055
46056
46059
46064
46073
46075
46076
46084
46085
46086
46087
46093
46102
46105
46108
46112
46115
46117
46119
46121
46129
46130
46137
46138
46140
46141
46142
46143
46149
46150
46151
46152
46157
46160
46165
46167
46173
46174
46178
46180
46181
46185
46186
46187
46189
46199
46201
46202
46206
46208
46209
46210
46211
46212
46215
46216
46217
46218
46219
46221
46223
46227
46230
46231
46236
46239
46240
46241
46242
46244
46245
46246
46247
46248
46249
46252
46253
46254
46255
46259
46262
46263
46265
46267
46272
46277
46286
46293
46294
46295
46296
46300
46303
46305
46307
46308
46313
46314
46315
46318
46329
46330
46331
46332
46333
46334
46335
46340
46344
46348
46349
46352
46353
46355
46356
46357
46361
46369
46370
46371
46373
46374
46376
46377
46378
46379
46380
46381
46382
46383
46384
46390
46392
46397
46399
46403
46405
46407
46409
46412
46415
46416
46417
46419
46422
46429
46430
46434
46435
46437
46438
46440
46441
46447
46449
46450
46452
46454
46455
46456
46457
46458
46459
46460
46461
46463
46465
46467
46468
46471
46474
46480
46484
46487
46488
46489
46491
46495
46496
46497
46498
46499
46503
46506
46507
46516
46519
46524
46528
46534
46538
46543
46546
46547
46548
46549
46550
46551
46552
46553
46555
46558
46562
46563
46564
46565
46568
46572
46583
46595
46597
46598
46599
46603
46604
46605
46606
46619
46622
46625
46630
46633
46634
46636
46638
46640
46641
46644
46645
46646
46649
46650
46654
46655
46656
46661
46665
46668
46670
46673
46676
46682
46686
46687
46695
46696
46699
46700
46701
46702
46703
46705
46710
46711
46712
46713
46714
46715
46716
46718
46719
46721
46722
46723
46728
46732
46734
46741
46744
46746
46758
46761
46768
46770
46771
46775
46776
46777
46779
46782
46783
46784
46785
46786
46787
46792
46793
46796
46799
46801
46802
46803
46812
46816
46817
46818
46819
46820
46821
46823
46827
46829
46830
46832
46833
46834
46835
46836
46837
46838
46839
46840
46841
46842
46843
46850
46851
46856
46868
46888
46891
46892
46900
46902
46907
46913
46914
46917
46919
46922
46927
46931
46937
46940
46944
46946
46948
46949
46952
46962
46969
46978
46986
46987
46989
46990
46991
46992
46993
46994
46998
47002
47004
47006
47018
47019
47020
47023
47024
47037
47039
47049
47052
47053
47060
47075
47076
47077
47078
47079
47084
47086
47093
47094
47095
47096
47097
47098
47099
47100
47101
47102
47103
47104
47105
47106
47109
47112
47116
47119
47120
47121
47122
47124
47125
47126
47127
47128
47129
47130
47132
47133
47134
47137
47138
47140
47141
47151
47155
47156
47161
47172
47174
47175
47176
47180
47181
47184
47188
47192
47194
47199
47202
47205
47210
47211
47216
47219
47220
47227
47229
47232
47234
47236
47238
47242
47244
47247
47248
47252
47253
47254
47260
47263
47264
47269
47271
47272
47274
47283
47288
47289
47290
47291
47292
47293
47294
47295
47299
47300
47303
47320
47322
47324
47325
47328
47335
47339
47343
47344
47347
47348
47349
47350
47351
47352
47353
47355
47357
47358
47359
47361
47365
47366
47367
47372
47373
47377
47380
47381
47385
47388
47389
47390
47391
47394
47395
47396
47399
47400
47407
47408
47409
47418
47420
47425
47426
47429
47432
47433
47434
47435
47437
47438
47439
47444
47446
47447
47450
47451
47452
47453
47455
47463
47465
47467
47470
47471
47472
47474
47480
47483
47485
47486
47487
47488
47490
47491
47492
47493
47494
47495
47507
47511
47513
47514
47515
47517
47518
47519
47520
47521
47522
47523
47525
47526
47527
47529
47530
47531
47540
47543
47546
47552
47555
47556
47557
47565
47569
47571
47572
47573
47575
47579
47580
47582
47583
47589
47590
47592
47594
47595
47596
47597
47599
47600
47601
47604
47605
47609
47615
47616
47617
47618
47620
47621
47622
47623
47626
47627
47628
47630
47632
47634
47636
47638
47644
47645
47646
47650
47651
47653
47659
47660
47661
47662
47666
47674
47675
47677
47678
47679
47680
47681
47683
47686
47690
47695
47697
47700
47701
47704
47711
47714
47716
47717
47719
47721
47722
47724
47726
47727
47729
47730
47731
47733
47734
47739
47741
47742
47743
47744
47745
47747
47749
47750
47751
47753
47754
47755
47756
47757
47758
47759
47766
47767
47768
47769
47770
47771
47772
47776
47779
47780
47781
47782
47783
47786
47788
47790
47791
47792
47795
47796
47798
47800
47802
47803
47806
47807
47808
47809
47810
47813
47815
47817
47818
47820
47821
47827
47829
47834
47835
47837
47839
47840
47843
47845
47846
47852
47853
47855
47856
47860
47861
47863
47864
47868
47869
47870
47877
47879
47882
47883
47891
47895
47896
47898
47900
47907
47908
47909
47910
47911
47912
47913
47915
47916
47917
47918
47919
47920
47921
47922
47923
47924
47925
47926
47927
47928
47929
47930
47931
47932
47933
47934
47936
47939
47945
47946
47947
47948
47984
47987
47989
47994
47995
47996
47997
48000
48014
48015
48016
48018
48019
48021
48022
48023
48024
48025
48026
48030
48032
48033
48035
48037
48039
48040
48042
48044
48045
48048
48049
48050
48051
48052
48053
48054
48055
48056
48057
48059
48061
48062
48064
48065
48070
48073
48075
48076
48077
48079
48080
48081
48082
48087
48088
48090
48092
48094
48095
48096
48099
48105
48107
48110
48111
48112
48113
48116
48117
48119
48120
48125
48126
48129
48133
48135
48140
48141
48142
48144
48145
48146
48147
48148
48151
48152
48153
48154
48155
48156
48158
48159
48160
48162
48165
48166
48173
48179
48181
48182
48183
48184
48185
48186
48187
48188
48192
48194
48197
48199
48203
48204
48205
48209
48210
48211
48212
48213
48214
48215
48219
48223
48224
48228
48230
48233
48234
48236
48237
48238
48239
48240
48242
48243
48245
48246
48247
48248
48249
48254
48255
48256
48258
48260
48262
48263
48264
48265
48269
48271
48272
48273
48274
48275
48276
48277
48278
48280
48281
48282
48283
48284
48285
48286
48287
48288
48289
48290
48291
48292
48293
48294
48295
48296
48299
48300
48304
48305
48306
48307
48308
48309
48315
48316
48317
48320
48321
48322
48323
48325
48328
48335
48337
48338
48340
48341
48342
48343
48344
48345
48346
48350
48352
48354
48355
48358
48362
48363
48367
48371
48373
48376
48377
48378
48379
48385
48387
48394
48397
48402
48404
48405
48411
48413
48416
48421
48422
48423
48425
48426
48429
48430
48431
48433
48434
48435
48436
48441
48442
48443
48445
48449
48452
48457
48458
48462
48463
48465
48468
48470
48471
48475
48477
48478
48485
48490
48493
48498
48500
48503
48504
48505
48511
48512
48514
48523
48524
48527
48528
48529
48531
48532
48533
48536
48539
48542
48543
48544
48552
48553
48554
48559
48567
48570
48571
48572
48578
48580
48585
48587
48588
48589
48592
48594
48596
48598
48601
48603
48606
48607
48609
48611
48612
48616
48617
48619
48622
48623
48624
48625
48626
48628
48631
48633
48634
48638
48642
48644
48645
48652
48653
48655
48657
48658
48660
48661
48662
48663
48664
48665
48666
48667
48668
48669
48670
48671
48672
48673
48675
48676
48677
48679
48683
48684
48686
48687
48688
48689
48691
48692
48693
48694
48697
48703
48707
48708
48716
48717
48718
48719
48722
48723
48728
48729
48730
48731
48732
48733
48734
48735
48736
48737
48739
48748
48752
48754
48756
48757
48758
48759
48762
48763
48764
48765
48766
48769
48770
48772
48778
48779
48780
48781
48783
48784
48788
48789
48790
48791
48792
48793
48794
48795
48796
48797
48798
48800
48803
48813
48826
48827
48828
48832
48833
48838
48842
48846
48848
48855
48857
48862
48863
48864
48865
48868
48869
48871
48872
48879
48880
48881
48883
48885
48886
48887
48888
48891
48892
48893
48897
48898
48900
48904
48906
48907
48908
48909
48910
48914
48915
48916
48917
48918
48919
48922
48923
48931
48933
48935
48936
48937
48940
48943
48946
48949
48951
48953
48955
48957
48958
48959
48960
48963
48965
48968
48971
48973
48974
48975
48977
48978
48979
48980
48985
48989
48995
48996
48997
48998
48999
49000
49002
49006
49013
49014
49017
49020
49021
49023
49024
49025
49028
49029
49030
49031
49034
49035
49039
49041
49043
49045
49046
49048
49050
49052
49053
49055
49058
49064
49066
49067
49068
49072
49073
49074
49078
49079
49083
49093
49094
49095
49097
49098
49100
49101
49102
49104
49105
49107
49111
49113
49118
49121
49122
49123
49127
49128
49132
49136
49137
49138
49139
49140
49141
49142
49143
49144
49145
49147
49149
49153
49155
49157
49158
49160
49162
49163
49167
49173
49174
49175
49181
49182
49187
49190
49195
49203
49210
49217
49220
49223
49226
49227
49228
49229
49230
49232
49233
49238
49239
49241
49242
49243
49244
49245
49249
49252
49253
49254
49255
49256
49257
49258
49259
49260
49263
49265
49269
49272
49273
49275
49276
49277
49278
49280
49281
49282
49283
49285
49286
49287
49288
49292
49293
49294
49295
49296
49297
49299
49301
49303
49304
49305
49307
49309
49311
49312
49313
49314
49316
49319
49321
49329
49331
49332
49333
49337
49338
49339
49340
49342
49343
49345
49346
49348
49349
49350
49351
49352
49353
49355
49365
49366
49367
49368
49369
49370
49371
49374
49377
49378
49381
49385
49386
49389
49390
49392
49393
49394
49404
49406
49407
49410
49411
49412
49417
49418
49419
49424
49430
49431
49432
49433
49434
49442
49444
49445
49446
49447
49448
49450
49451
49452
49454
49456
49458
49459
49463
49464
49466
49467
49471
49479
49482
49487
49488
49490
49491
49492
49494
49495
49496
49497
49498
49499
49501
49504
49505
49506
49509
49510
49512
49514
49515
49517
49524
49525
49527
49528
49535
49541
49542
49543
49550
49559
49560
49563
49568
49572
49575
49576
49577
49578
49581
49586
49590
49593
49594
49609
49610
49612
49613
49614
49620
49622
49625
49626
49628
49629
49631
49632
49634
49635
49638
49644
49646
49648
49649
49650
49651
49652
49653
49658
49659
49660
49661
49669
49672
49673
49674
49675
49676
49679
49680
49682
49683
49687
49688
49689
49690
49691
49692
49693
49694
49698
49702
49703
49705
49712
49715
49716
49717
49726
49728
49730
49731
49732
49733
49734
49735
49737
49738
49743
49747
49759
49765
49767
49768
49769
49772
49774
49775
49777
49781
49782
49783
49785
49787
49788
49791
49792
49794
49796
49797
49799
49800
49801
49802
49803
49805
49806
49807
49814
49815
49816
49829
49830
49831
49833
49834
49836
49837
49838
49839
49841
49842
49843
49844
49847
49848
49849
49850
49851
49853
49854
49859
49864
49865
49866
49867
49868
49869
49870
49873
49874
49875
49878
49881
49882
49884
49885
49886
49888
49889
49890
49891
49892
49893
49894
49895
49896
49897
49898
49901
49907
49909
49910
49911
49914
49915
49916
49917
49919
49924
49928
49930
49931
49932
49933
49936
49937
49938
49939
49940
49942
49944
49951
49952
49953
49954
49955
49959
49960
49961
49962
49963
49966
49967
49968
49969
49972
49978
49981
49983
49984
49986
49989
49991
49993
49996
49998
49999
50002
50004
50006
50007
50008
50011
50016
50019
50020
50021
50022
50024
50026
50028
50030
50032
50040
50043
50044
50046
50047
50048
50049
50050
50063
50065
50066
50067
50073
50074
50075
50077
50079
50080
50081
50082
50083
50084
50085
50087
50088
50089
50092
50094
50095
50096
50098
50099
50100
50101
50102
50104
50105
50106
50107
50108
50109
50112
50113
50116
50118
50119
50120
50122
50124
50127
50128
50130
50133
50134
50135
50136
50137
50138
50139
50140
50143
50145
50148
50149
50155
50157
50159
50160
50161
50164
50165
50166
50167
50183
50184
50186
50188
50189
50192
50193
50194
50199
50201
50202
50203
50207
50208
50209
50212
50224
50225
50232
50234
50235
50236
50237
50242
50247
50250
50254
50256
50257
50260
50262
50266
50267
50269
50271
50276
50278
50279
50280
50281
50282
50283
50286
50287
50288
50289
50290
50291
50292
50293
50294
50296
50297
50299
50300
50314
50319
50322
50325
50326
50327
50331
50332
50333
50335
50336
50349
50350
50352
50353
50354
50358
50359
50360
50362
50363
50365
50366
50372
50373
50374
50379
50381
50382
50383
50385
50387
50388
50390
50392
50395
50400
50401
50402
50403
50404
50405
50406
50407
50408
50411
50413
50414
50415
50417
50418
50420
50421
50422
50426
50428
50431
50440
50441
50445
50448
50473
50475
50476
50477
50478
50482
50506
50507
50509
50515
50517
50518
50519
50520
50522
50527
50528
50529
50530
50532
50533
50535
50537
50540
50543
50555
50556
50557
50558
50561
50562
50563
50564
50565
50568
50570
50572
50573
50574
50575
50576
50577
50580
50582
50583
50586
50591
50592
50593
50594
50595
50596
50597
50598
50599
50600
50601
50604
50611
50612
50614
50616
50618
50624
50625
50626
50627
50629
50634
50636
50637
50640
50642
50643
50644
50645
50646
50650
50651
50654
50655
50658
50659
50662
50663
50667
50668
50671
50673
50674
50675
50676
50678
50681
50686
50687
50692
50694
50695
50699
50700
50701
50702
50704
50705
50710
50717
50719
50720
50721
50722
50723
50724
50725
50726
50727
50728
50729
50730
50731
50732
50733
50734
50735
50736
50737
50738
50747
50750
50752
50758
50759
50760
50762
50763
50764
50767
50768
50770
50774
50776
50780
50786
50790
50793
50796
50798
50799
50807
50814
50816
50817
50818
50825
50827
50828
50829
50830
50831
50833
50834
50839
50845
50847
50848
50853
50855
50858
50859
50862
50863
50865
50866
50871
50874
50875
50877
50880
50881
50886
50887
50888
50889
50890
50892
50896
50897
50898
50899
50900
50903
50905
50906
50908
50909
50912
50914
50915
50917
50918
50920
50926
50927
50928
50930
50933
50934
50936
50938
50940
50941
50943
50944
50945
50946
50948
50950
50951
50952
50953
50954
50955
50957
50959
50960
50962
50964
50965
50968
50973
50974
50979
50980
50981
50985
50986
50987
50991
50992
50996
50999
51006
51007
51009
51010
51013
51015
51017
51021
51024
51026
51028
51030
51031
51032
51035
51038
51040
51042
51043
51061
51070
51072
51073
51074
51077
51079
51084
51086
51090
51091
51092
51094
51095
51096
51097
51098
51102
51104
51106
51109
51110
51113
51114
51115
51116
51117
51121
51123
51127
51131
51132
51134
51137
51138
51140
51141
51142
51144
51145
51146
51147
51148
51150
51153
51154
51156
51158
51164
51174
51175
51181
51184
51185
51186
51187
51188
51204
51219
51220
51222
51228
51229
51230
51236
51240
51250
51253
51256
51259
51260
51265
51271
51272
51274
51276
51278
51279
51280
51283
51285
51286
51288
51289
51290
51291
51292
51293
51295
51296
51298
51299
51303
51304
51307
51310
51311
51315
51316
51317
51318
51321
51324
51325
51326
51328
51329
51332
51334
51335
51340
51341
51344
51345
51347
51351
51354
51356
51358
51359
51360
51361
51362
51363
51364
51365
51369
51371
51379
51384
51385
51387
51388
51389
51390
51391
51392
51394
51398
51402
51405
51411
51412
51413
51415
51416
51418
51421
51422
51423
51424
51425
51426
51427
51428
51431
51432
51433
51434
51438
51439
51440
51443
51446
51447
51448
51449
51451
51454
51458
51464
51466
51470
51472
51475
51476
51480
51482
51484
51485
51491
51492
51496
51499
51501
51502
51504
51505
51506
51507
51508
51509
51511
51512
51513
51514
51517
51519
51521
51522
51523
51524
51526
51527
51532
51536
51539
51541
51546
51550
51551
51552
51553
51554
51555
51561
51562
51564
51566
51569
51572
51574
51577
51579
51580
51581
51582
51583
51586
51588
51589
51593
51596
51597
51607
51608
51611
51613
51614
51616
51618
51619
51622
51623
51624
51628
51630
51631
51632
51633
51635
51636
51646
51647
51654
51655
51656
51659
51662
51669
51671
51673
51674
51679
51680
51681
51683
51684
51685
51686
51688
51690
51691
51700
51703
51704
51706
51707
51710
51711
51716
51717
51722
51728
51729
51732
51737
51738
51740
51741
51742
51743
51744
51745
51746
51749
51750
51751
51752
51755
51756
51759
51761
51762
51763
51764
51770
51771
51772
51773
51774
51775
51777
51781
51786
51787
51789
51798
51801
51802
51803
51804
51805
51806
51807
51808
51809
51813
51814
51815
51818
51819
51823
51824
51825
51830
51831
51834
51836
51840
51843
51845
51850
51851
51855
51856
51857
51858
51859
51860
51861
51862
51870
51874
51875
51877
51878
51879
51890
51891
51893
51898
51904
51909
51910
51911
51914
51917
51918
51921
51922
51924
51925
51926
51927
51932
51934
51938
51940
51941
51942
51944
51945
51946
51947
51948
51950
51953
51955
51958
51959
51960
51961
51962
51964
51967
51968
51972
51989
51990
51991
51993
51994
51995
51996
52004
52005
52006
52007
52009
52010
52017
52018
52019
52022
52023
52024
52025
52027
52028
52031
52032
52033
52035
52038
52044
52045
52046
52047
52049
52055
52056
52057
52058
52062
52066
52068
52072
52075
52078
52081
52084
52088
52093
52096
52098
52101
52103
52109
52118
52123
52124
52128
52132
52137
52142
52145
52147
52148
52150
52155
52156
52157
52159
52160
52162
52163
52164
52165
52166
52169
52171
52173
52174
52175
52176
52181
52183
52189
52191
52195
52196
52197
52212
52214
52216
52217
52218
52220
52223
52231
52235
52247
52248
52252
52254
52256
52258
52267
52270
52271
52273
52275
52278
52279
52281
52282
52283
52284
52285
52286
52287
52288
52292
52294
52296
52297
52298
52300
52312
52315
52320
52324
52325
52326
52327
52328
52331
52338
52341
52343
52344
52346
52347
52351
52352
52356
52358
52359
52360
52361
52362
52363
52364
52365
52367
52369
52370
52374
52375
52383
52384
52390
52392
52393
52394
52396
52401
52402
52403
52404
52405
52409
52414
52416
52417
52418
52421
52422
52423
52424
52428
52429
52430
52439
52444
52445
52446
52450
52451
52453
52459
52476
52479
52498
52500
52507
52510
52515
52520
52522
52526
52534
52535
52537
52538
52540
52546
52550
52552
52554
52564
52565
52569
52579
52580
52585
52589
52592
52597
52599
52601
52602
52603
52605
52614
52615
52616
52619
52621
52622
52626
52627
52628
52629
52630
52631
52634
52635
52638
52639
52643
52646
52647
52652
52657
52658
52660
52661
52663
52664
52667
52670
52671
52672
52673
52674
52675
52690
52692
52693
52702
52703
52707
52714
52716
52719
52720
52722
52723
52734
52737
52749
52750
52751
52752
52755
52756
52757
52759
52760
52764
52766
52767
52768
52771
52776
52780
52781
52783
52788
52791
52792
52793
52801
52806
52810
52812
52813
52814
52818
52819
52821
52822
52824
52825
52829
52830
52832
52834
52835
52836
52839
52840
52844
52845
52846
52847
52849
52850
52851
52853
52858
52862
52864
52865
52867
52868
52869
52870
52873
52876
52878
52881
52882
52884
52885
52886
52887
52891
52893
52895
52897
52903
52904
52908
52911
52913
52914
52915
52916
52921
52922
52923
52925
52931
52932
52938
52945
52951
52956
52958
52961
52965
52968
52973
52975
52978
52979
52980
52981
52986
52988
52989
52990
52991
52992
52993
52995
52996
52997
52998
52999
53000
53001
53005
53007
53009
53015
53017
53026
53033
53034
53039
53040
53041
53042
53043
53044
53049
53055
53056
53062
53063
53066
53069
53070
53071
53076
53077
53088
53094
53095
53096
53098
53099
53100
53102
53103
53111
53113
53118
53120
53136
53144
53146
53147
53152
53153
53154
53155
53157
53159
53160
53163
53166
53170
53172
53173
53174
53175
53176
53178
53180
53181
53182
53189
53190
53197
53200
53210
53219
53220
53222
53225
53226
53227
53228
53229
53231
53233
53235
53237
53238
53239
53240
53241
53242
53243
53244
53245
53246
53247
53248
53249
53251
53252
53253
53255
53257
53269
53270
53271
53272
53274
53275
53276
53277
53280
53284
53285
53292
53293
53296
53297
53302
53306
53307
53309
53310
53311
53312
53313
53314
53315
53318
53320
53321
53322
53326
53329
53333
53338
53339
53342
53346
53347
53353
53354
53356
53357
53358
53360
53363
53364
53365
53366
53371
53372
53373
53374
53375
53384
53390
53391
53392
53401
53403
53406
53410
53411
53412
53413
53414
53418
53419
53420
53421
53422
53423
53424
53428
53429
53430
53434
53436
53437
53440
53442
53445
53446
53447
53448
53449
53454
53460
53461
53462
53465
53467
53474
53477
53478
53481
53483
53484
53485
53486
53490
53494
53498
53503
53505
53508
53513
53518
53521
53524
53528
53529
53565
53569
53571
53577
53578
53581
53587
53588
53590
53593
53594
53595
53596
53599
53601
53607
53610
53611
53612
53613
53622
53623
53624
53626
53628
53637
53638
53639
53656
53662
53663
53665
53670
53672
53677
53678
53679
53680
53682
53683
53686
53697
53700
53701
53704
53705
53707
53711
53714
53717
53722
53724
53725
53726
53727
53728
53729
53731
53736
53738
53739
53741
53742
53755
53758
53762
53763
53766
53771
53773
53774
53776
53783
53784
53785
53786
53787
53793
53794
53795
53796
53798
53800
53803
53804
53810
53811
53813
53815
53816
53817
53820
53821
53825
53826
53827
53832
53836
53838
53840
53841
53842
53845
53847
53848
53849
53850
53851
53853
53856
53858
53863
53865
53872
53878
53879
53886
53890
53900
53901
53903
53904
53909
53921
53922
53923
53924
53925
53926
53927
53928
53929
53930
53931
53932
53933
53934
53935
53939
53940
53941
53947
53948
53949
53957
53958
53959
53963
53966
53967
53971
53978
53981
53983
53988
53990
53991
53992
53994
53997
54002
54003
54005
54008
54009
54010
54013
54015
54016
54017
54026
54029
54033
54036
54039
54040
54041
54045
54046
54047
54050
54058
54059
54061
54063
54064
54069
54070
54074
54076
54077
54079
54082
54083
54087
54091
54092
54097
54100
54102
54103
54104
54110
54111
54112
54115
54116
54117
54118
54120
54122
54131
54133
54135
54138
54149
54150
54156
54160
54167
54168
54169
54170
54173
54176
54179
54191
54194
54203
54204
54209
54211
54213
54214
54216
54218
54234